#Insight Transform File V1.0
#Transform 0
Transform: AffineTransform_float_3_3
Parameters: 0.999967 0.00632079 -0.00511483 -0.00636044 0.99995 -0.00777169 0.00506545 0.00780389 0.999957 -0.259936 0.808925 1.80984
FixedParameters: 0 0 0

#Transform 1
Transform: AffineTransform_float_3_3
Parameters: 0.999967 0.00632079 -0.00511483 -0.00636044 0.99995 -0.00777169 0.00506545 0.00780389 0.999957 -0.259936 0.808925 1.80984
FixedParameters: 0 0 0

#Transform 2
Transform: AffineTransform_float_3_3
Parameters: 0.999967 0.00632079 -0.00511483 -0.00636044 0.99995 -0.00777169 0.00506545 0.00780389 0.999957 -0.259936 0.808925 1.80984
FixedParameters: 0 0 0

#Transform 3
Transform: AffineTransform_float_3_3
Parameters: 0.999967 0.00632079 -0.00511483 -0.00636044 0.99995 -0.00777169 0.00506545 0.00780389 0.999957 -0.259936 0.808925 1.80984
FixedParameters: 0 0 0

#Transform 4
Transform: AffineTransform_float_3_3
Parameters: 0.999967 0.00632079 -0.00511483 -0.00636044 0.99995 -0.00777169 0.00506545 0.00780389 0.999957 -0.259936 0.808925 1.80984
FixedParameters: 0 0 0

#Transform 5
Transform: AffineTransform_float_3_3
Parameters: 0.999817 0.00615356 -0.0181276 -0.00636532 0.999912 -0.011647 0.0180543 0.0117602 0.999768 0.793796 -0.0818476 1.97526
FixedParameters: 0 0 0

#Transform 6
Transform: AffineTransform_float_3_3
Parameters: 0.999901 0.00610074 -0.0127087 -0.00630006 0.999857 -0.0157037 0.0126111 0.0157823 0.999796 0.682717 0.48039 1.68391
FixedParameters: 0 0 0

#Transform 7
Transform: AffineTransform_float_3_3
Parameters: 0.99993 0.0111855 -0.00374184 -0.0112324 0.999855 -0.0127655 0.00359851 0.0128067 0.999912 0.225075 0.464189 1.35149
FixedParameters: 0 0 0

#Transform 8
Transform: AffineTransform_float_3_3
Parameters: 0.999935 0.0077 -0.00835361 -0.00779195 0.999909 -0.0110312 0.00826791 0.0110955 0.999905 0.434921 0.376547 1.42046
FixedParameters: 0 0 0

#Transform 9
Transform: AffineTransform_float_3_3
Parameters: 0.999982 0.00281275 -0.00524515 -0.0028719 0.999932 -0.0113041 0.005213 0.0113189 0.999922 0.375052 0.509035 1.36492
FixedParameters: 0 0 0

#Transform 10
Transform: AffineTransform_float_3_3
Parameters: 0.999985 0.00180335 -0.00509293 -0.00186368 0.999928 -0.0118661 0.00507116 0.0118754 0.999917 0.478028 0.624809 1.43137
FixedParameters: 0 0 0

#Transform 11
Transform: AffineTransform_float_3_3
Parameters: 0.999991 -0.00336681 -0.00241703 0.00334624 0.999959 -0.00846374 0.00244542 0.00845558 0.999962 0.253043 0.687843 1.67141
FixedParameters: 0 0 0

#Transform 12
Transform: AffineTransform_float_3_3
Parameters: 0.999973 -0.00715253 -0.00179198 0.00714109 0.999955 -0.00631051 0.00183703 0.00629749 0.999978 0.214597 0.522108 1.67139
FixedParameters: 0 0 0

#Transform 13
Transform: AffineTransform_float_3_3
Parameters: 0.999985 0.00519356 0.00188002 -0.00517184 0.999922 -0.0113776 -0.00193897 0.0113678 0.999934 0.0516396 0.712253 1.226
FixedParameters: 0 0 0

#Transform 14
Transform: AffineTransform_float_3_3
Parameters: 1 -0.00070636 -0.000289281 0.000702928 0.999931 -0.0116976 0.000297523 0.0116974 0.999932 -0.00764165 0.741104 1.16228
FixedParameters: 0 0 0

#Transform 15
Transform: AffineTransform_float_3_3
Parameters: 0.999995 -0.00304878 0.00103728 0.00305852 0.99995 -0.00951938 -0.00100821 0.00952248 0.999954 -0.0212196 0.726605 0.998905
FixedParameters: 0 0 0

#Transform 16
Transform: AffineTransform_float_3_3
Parameters: 0.999992 0.00299489 -0.00280318 -0.00301275 0.999975 -0.00638848 0.00278398 0.00639686 0.999976 0.371123 0.429793 0.913457
FixedParameters: 0 0 0

#Transform 17
Transform: AffineTransform_float_3_3
Parameters: 0.999986 -0.00521749 0.000284145 0.00521885 0.999974 -0.00501918 -0.00025795 0.00502065 0.999988 0.0820827 0.465168 0.644738
FixedParameters: 0 0 0

#Transform 18
Transform: AffineTransform_float_3_3
Parameters: 0.999976 -0.00472671 0.00509772 0.0047457 0.999982 -0.00371926 -0.00508005 0.0037433 0.99998 -0.121919 0.469312 0.588845
FixedParameters: 0 0 0

#Transform 19
Transform: AffineTransform_float_3_3
Parameters: 0.999978 -0.00626007 0.00204582 0.00623929 0.99993 0.0100131 -0.00210836 -0.0100001 0.999948 -0.0894491 -0.395828 0.131248
FixedParameters: 0 0 0

#Transform 20
Transform: AffineTransform_float_3_3
Parameters: 0.999985 -0.00503411 0.00198656 0.005014 0.999937 0.01 -0.00203678 -0.00998994 0.999948 -0.0847609 -0.452664 -0.0640873
FixedParameters: 0 0 0

#Transform 21
Transform: AffineTransform_float_3_3
Parameters: 0.999998 -0.000939729 0.00150279 0.000929345 0.999976 0.00689574 -0.00150924 -0.00689443 0.999975 -0.20901 -0.396915 -0.139843
FixedParameters: 0 0 0

#Transform 22
Transform: AffineTransform_float_3_3
Parameters: 0.999997 0.00114377 0.00206479 -0.00115997 0.999968 0.00786228 -0.00205573 -0.0078647 0.999967 -0.187449 -0.471741 -0.235948
FixedParameters: 0 0 0

#Transform 23
Transform: AffineTransform_float_3_3
Parameters: 0.999999 -0.0011729 0.000465685 0.00116859 0.999958 0.00914425 -0.000476391 -0.00914361 0.999958 -0.138547 -0.392519 -0.0606951
FixedParameters: 0 0 0

#Transform 24
Transform: AffineTransform_float_3_3
Parameters: 0.99999 -0.00329956 -0.0030224 0.0033301 0.999943 0.0101576 0.00298871 -0.0101675 0.999944 0.121354 -0.453771 -0.134856
FixedParameters: 0 0 0

#Transform 25
Transform: AffineTransform_float_3_3
Parameters: 0.999947 -0.00300581 -0.0098191 0.00309463 0.999954 0.00904314 0.00979147 -0.00907301 0.999911 0.250302 -0.502212 -0.346883
FixedParameters: 0 0 0

#Transform 26
Transform: AffineTransform_float_3_3
Parameters: 0.999995 -0.00103867 -0.00285892 0.0010554 0.999982 0.00585515 0.00285279 -0.00585816 0.999979 0.224378 -0.158589 -0.485524
FixedParameters: 0 0 0

#Transform 27
Transform: AffineTransform_float_3_3
Parameters: 0.99999 -0.00251731 -0.00379816 0.00253852 0.999981 0.00558835 0.00378402 -0.00559788 0.999977 0.0544647 -0.257623 -0.586715
FixedParameters: 0 0 0

#Transform 28
Transform: AffineTransform_float_3_3
Parameters: 0.999891 0.00175618 0.0146389 -0.00191566 0.999939 0.010887 -0.0146189 -0.0109139 0.999834 -0.619515 -0.421325 -2.53139
FixedParameters: 0 0 0

#Transform 29
Transform: AffineTransform_float_3_3
Parameters: 0.999991 0.00153441 0.00397017 -0.00148472 0.999921 -0.0124884 -0.00398901 0.0124824 0.999914 0.003447 1.0649 -2.61344
FixedParameters: 0 0 0

#Transform 30
Transform: AffineTransform_float_3_3
Parameters: 0.999897 -0.00604364 0.0130528 0.0058872 0.999911 0.0119905 -0.0131241 -0.0119124 0.999843 -0.904436 -0.161999 -2.16425
FixedParameters: 0 0 0

#Transform 31
Transform: AffineTransform_float_3_3
Parameters: 0.999983 0.000672033 0.00571454 -0.000788774 0.999791 0.020451 -0.0056996 -0.0204553 0.999774 -0.373994 -0.79443 -2.78044
FixedParameters: 0 0 0

#Transform 32
Transform: AffineTransform_float_3_3
Parameters: 0.999991 -0.00226506 -0.00348186 0.0023085 0.999919 0.0125227 0.00345322 -0.0125306 0.999916 0.346769 -1.08315 -4.60569
FixedParameters: 0 0 0
